 3.19929 1.76159 2.42126 2.64361 1.30204 1.68578 2.89438 2.78562 2.04993 2.20127
 1.76159 2.52049 1.94714 2.34128 0.724808 1.32051 1.6027 2.11732 1.92557 2.24104
 2.42126 1.94714 2.57699 2.29827 0.934538 1.31105 2.18075 2.40762 2.01432 2.48939
 2.64361 2.34128 2.29827 3.9844 1.71075 2.26969 2.72285 3.56837 1.96232 2.68066
 1.30204 0.724808 0.934538 1.71075 1.29183 1.0312 1.19197 1.62571 0.589212 1.35484
 1.68578 1.32051 1.31105 2.26969 1.0312 1.75999 1.83091 2.17234 1.24909 1.46408
 2.89438 1.6027 2.18075 2.72285 1.19197 1.83091 3.11447 2.49852 1.69446 1.82843
 2.78562 2.11732 2.40762 3.56837 1.62571 2.17234 2.49852 4.62275 2.14019 2.4317
 2.04993 1.92557 2.01432 1.96232 0.589212 1.24909 1.69446 2.14019 2.09393 1.8434
 2.20127 2.24104 2.48939 2.68066 1.35484 1.46408 1.82843 2.4317 1.8434 3.27972
