 2.97453 2.08708 1.99428 2.19879 2.27302 1.79065 2.57575 2.52714 1.64777 2.09094
 2.08708 3.37173 2.22236 2.24815 2.90408 2.64454 2.64918 2.49156 1.69403 1.91554
 1.99428 2.22236 2.84047 1.37702 2.41511 2.70482 2.396 1.78803 1.4907 1.55721
 2.19879 2.24815 1.37702 3.18644 2.78708 1.52085 2.41584 2.46257 2.33062 2.70524
 2.27302 2.90408 2.41511 2.78708 3.73358 2.91831 3.35147 2.81964 2.3078 2.45253
 1.79065 2.64454 2.70482 1.52085 2.91831 3.33607 2.9813 2.24116 1.90104 1.75897
 2.57575 2.64918 2.396 2.41584 3.35147 2.9813 3.87742 2.96975 2.3936 2.45658
 2.52714 2.49156 1.78803 2.46257 2.81964 2.24116 2.96975 2.8917 2.05078 2.28753
 1.64777 1.69403 1.4907 2.33062 2.3078 1.90104 2.3936 2.05078 2.53531 2.51926
 2.09094 1.91554 1.55721 2.70524 2.45253 1.75897 2.45658 2.28753 2.51926 2.71865
